{"asset":{"generator":"Khronos glTF Spline I/O v0.0.1","version":"2.0"},"scenes":[{"nodes":[0]}],"nodes":[{"name":"","children":[1,1602,1603,1604],"matrix":[0.01,0,0,0,0,0.01,0,0,0,0,0.01,0,0,0,0,1]},{"name":"","matrix":[1,0,0,0,0,1,0,0,0,0,1,0,0,13.577253372530313,0,1],"children":[2,3,4,5,6,7,8,9,10,11,12,13,14,15,16,17,18,19,20,21,22,23,24,25,26,27,28,29,30,31,32,33,34,35,36,37,38,39,40,41,42,43,44,45,46,47,48,49,50,51,52,53,54,55,56,57,58,59,60,61,62,63,64,65,66,67,68,69,70,71,72,73,74,75,76,77,78,79,80,81,82,83,84,85,86,87,88,89,90,91,92,93,94,95,96,97,98,99,100,101,102,103,104,105,106,107,108,109,110,111,112,113,114,115,116,117,118,119,120,121,122,123,124,125,126,127,128,129,130,131,132,133,134,135,136,137,138,139,140,141,142,143,144,145,146,147,148,149,150,151,152,153,154,155,156,157,158,159,160,161,162,163,164,165,166,167,168,169,170,171,172,173,174,175,176,177,178,179,180,181,182,183,184,185,186,187,188,189,190,191,192,193,194,195,196,197,198,199,200,201,202,203,204,205,206,207,208,209,210,211,212,213,214,215,216,217,218,219,220,221,222,223,224,225,226,227,228,229,230,231,232,233,234,235,236,237,238,239,240,241,242,243,244,245,246,247,248,249,250,251,252,253,254,255,256,257,258,259,260,261,262,263,264,265,266,267,268,269,270,271,272,273,274,275,276,277,278,279,280,281,282,283,284,285,286,287,288,289,290,291,292,293,294,295,296,297,298,299,300,301,302,303,304,305,306,307,308,309,310,311,312,313,314,315,316,317,318,319,320,321,322,323,324,325,326,327,328,329,330,331,332,333,334,335,336,337,338,339,340,341,342,343,344,345,346,347,348,349,350,351,352,353,354,355,356,357,358,359,360,361,362,363,364,365,366,367,368,369,370,371,372,373,374,375,376,377,378,379,380,381,382,383,384,385,386,387,388,389,390,391,392,393,394,395,396,397,398,399,400,401,402,403,404,405,406,407,408,409,410,411,412,413,414,415,416,417,418,419,420,421,422,423,424,425,426,427,428,429,430,431,432,433,434,435,436,437,438,439,440,441,442,443,444,445,446,447,448,449,450,451,452,453,454,455,456,457,458,459,460,461,462,463,464,465,466,467,468,469,470,471,472,473,474,475,476,477,478,479,480,481,482,483,484,485,486,487,488,489,490,491,492,493,494,495,496,497,498,499,500,501,502,503,504,505,506,507,508,509,510,511,512,513,514,515,516,517,518,519,520,521,522,523,524,525,526,527,528,529,530,531,532,533,534,535,536,537,538,539,540,541,542,543,544,545,546,547,548,549,550,551,552,553,554,555,556,557,558,559,560,561,562,563,564,565,566,567,568,569,570,571,572,573,574,575,576,577,578,579,580,581,582,583,584,585,586,587,588,589,590,591,592,593,594,595,596,597,598,599,600,601,602,603,604,605,606,607,608,609,610,611,612,613,614,615,616,617,618,619,620,621,622,623,624,625,626,627,628,629,630,631,632,633,634,635,636,637,638,639,640,641,642,643,644,645,646,647,648,649,650,651,652,653,654,655,656,657,658,659,660,661,662,663,664,665,666,667,668,669,670,671,672,673,674,675,676,677,678,679,680,681,682,683,684,685,686,687,688,689,690,691,692,693,694,695,696,697,698,699,700,701,702,703,704,705,706,707,708,709,710,711,712,713,714,715,716,717,718,719,720,721,722,723,724,725,726,727,728,729,730,731,732,733,734,735,736,737,738,739,740,741,742,743,744,745,746,747,748,749,750,751,752,753,754,755,756,757,758,759,760,761,762,763,764,765,766,767,768,769,770,771,772,773,774,775,776,777,778,779,780,781,782,783,784,785,786,787,788,789,790,791,792,793,794,795,796,797,798,799,800,801,802,803,804,805,806,807,808,809,810,811,812,813,814,815,816,817,818,819,820,821,822,823,824,825,826,827,828,829,830,831,832,833,834,835,836,837,838,839,840,841,842,843,844,845,846,847,848,849,850,851,852,853,854,855,856,857,858,859,860,861,862,863,864,865,866,867,868,869,870,871,872,873,874,875,876,877,878,879,880,881,882,883,884,885,886,887,888,889,890,891,892,893,894,895,896,897,898,899,900,901,902,903,904,905,906,907,908,909,910,911,912,913,914,915,916,917,918,919,920,921,922,923,924,925,926,927,928,929,930,931,932,933,934,935,936,937,938,939,940,941,942,943,944,945,946,947,948,949,950,951,952,953,954,955,956,957,958,959,960,961,962,963,964,965,966,967,968,969,970,971,972,973,974,975,976,977,978,979,980,981,982,983,984,985,986,987,988,989,990,991,992,993,994,995,996,997,998,999,1000,1001,1002,1003,1004,1005,1006,1007,1008,1009,1010,1011,1012,1013,1014,1015,1016,1017,1018,1019,1020,1021,1022,1023,1024,1025,1026,1027,1028,1029,1030,1031,1032,1033,1034,1035,1036,1037,1038,1039,1040,1041,1042,1043,1044,1045,1046,1047,1048,1049,1050,1051,1052,1053,1054,1055,1056,1057,1058,1059,1060,1061,1062,1063,1064,1065,1066,1067,1068,1069,1070,1071,1072,1073,1074,1075,1076,1077,1078,1079,1080,1081,1082,1083,1084,1085,1086,1087,1088,1089,1090,1091,1092,1093,1094,1095,1096,1097,1098,1099,1100,1101,1102,1103,1104,1105,1106,1107,1108,1109,1110,1111,1112,1113,1114,1115,1116,1117,1118,1119,1120,1121,1122,1123,1124,1125,1126,1127,1128,1129,1130,1131,1132,1133,1134,1135,1136,1137,1138,1139,1140,1141,1142,1143,1144,1145,1146,1147,1148,1149,1150,1151,1152,1153,1154,1155,1156,1157,1158,1159,1160,1161,1162,1163,1164,1165,1166,1167,1168,1169,1170,1171,1172,1173,1174,1175,1176,1177,1178,1179,1180,1181,1182,1183,1184,1185,1186,1187,1188,1189,1190,1191,1192,1193,1194,1195,1196,1197,1198,1199,1200,1201,1202,1203,1204,1205,1206,1207,1208,1209,1210,1211,1212,1213,1214,1215,1216,1217,1218,1219,1220,1221,1222,1223,1224,1225,1226,1227,1228,1229,1230,1231,1232,1233,1234,1235,1236,1237,1238,1239,1240,1241,1242,1243,1244,1245,1246,1247,1248,1249,1250,1251,1252,1253,1254,1255,1256,1257,1258,1259,1260,1261,1262,1263,1264,1265,1266,1267,1268,1269,1270,1271,1272,1273,1274,1275,1276,1277,1278,1279,1280,1281,1282,1283,1284,1285,1286,1287,1288,1289,1290,1291,1292,1293,1294,1295,1296,1297,1298,1299,1300,1301,1302,1303,1304,1305,1306,1307,1308,1309,1310,1311,1312,1313,1314,1315,1316,1317,1318,1319,1320,1321,1322,1323,1324,1325,1326,1327,1328,1329,1330,1331,1332,1333,1334,1335,1336,1337,1338,1339,1340,1341,1342,1343,1344,1345,1346,1347,1348,1349,1350,1351,1352,1353,1354,1355,1356,1357,1358,1359,1360,1361,1362,1363,1364,1365,1366,1367,1368,1369,1370,1371,1372,1373,1374,1375,1376,1377,1378,1379,1380,1381,1382,1383,1384,1385,1386,1387,1388,1389,1390,1391,1392,1393,1394,1395,1396,1397,1398,1399,1400,1401,1402,1403,1404,1405,1406,1407,1408,1409,1410,1411,1412,1413,1414,1415,1416,1417,1418,1419,1420,1421,1422,1423,1424,1425,1426,1427,1428,1429,1430,1431,1432,1433,1434,1435,1436,1437,1438,1439,1440,1441,1442,1443,1444,1445,1446,1447,1448,1449,1450,1451,1452,1453,1454,1455,1456,1457,1458,1459,1460,1461,1462,1463,1464,1465,1466,1467,1468,1469,1470,1471,1472,1473,1474,1475,1476,1477,1478,1479,1480,1481,1482,1483,1484,1485,1486,1487,1488,1489,1490,1491,1492,1493,1494,1495,1496,1497,1498,1499,1500,1501,1502,1503,1504,1505,1506,1507,1508,1509,1510,1511,1512,1513,1514,1515,1516,1517,1518,1519,1520,1521,1522,1523,1524,1525,1526,1527,1528,1529,1530,1531,1532,1533,1534,1535,1536,1537,1538,1539,1540,1541,1542,1543,1544,1545,1546,1547,1548,1549,1550,1551,1552,1553,1554,1555,1556,1557,1558,1559,1560,1561,1562,1563,1564,1565,1566,1567,1568,1569,1570,1571,1572,1573,1574,1575,1576,1577,1578,1579,1580,1581,1582,1583,1584,1585,1586,1587,1588,1589,1590,1591,1592,1593,1594,1595,1596,1597,1598,1599,1600,1601]},{"name":"","matrix":[1,0,0,0,0,0.3256459864859955,0.9454917722992426,0,0,-0.9454917722992426,0.3256459864859955,0,100,19.226699598274564,100,1],"mesh":0},{"name":"","matrix":[1,0,0,0,0,-0.09406025642907334,0.9955665061463735,0,0,-0.9955665061463735,-0.09406025642907334,0,100,20.31527062100568,95,1],"mesh":0},{"name":"","matrix":[1,0,0,0,0,-0.3277154101935116,0.9447764867531889,0,0,-0.9447764867531889,-0.3277154101935116,0,100,20.927896826314466,90,1],"mesh":0},{"name":"","matrix":[1,0,0,0,0,-0.5177664116898459,0.8555220294801419,0,0,-0.8555220294801419,-0.5177664116898459,0,100,21.465553364406816,85,1],"mesh":0},{"name":"","matrix":[1,0,0,0,0,-0.5919186059558892,0.8059977443660975,0,0,-0.8059977443660975,-0.5919186059558892,0,100,21.6935430794737,80,1],"mesh":0},{"name":"","matrix":[1,0,0,0,0,-0.43585266335812367,0.9000180308436214,0,0,-0.9000180308436214,-0.43585266335812367,0,100,21.227202887054858,75,1],"mesh":0},{"name":"","matrix":[1,0,0,0,0,-0.08369065782168872,0.996491783103791,0,0,-0.996491783103791,-0.08369065782168872,0,100,20.28866086867555,70,1],"mesh":0},{"name":"","matrix":[1,0,0,0,0,0.192062368657129,0.9813827217481532,0,0,-0.9813827217481532,0.192062368657129,0,100,19.580526055740265,65,1],"mesh":0},{"name":"","matrix":[1,0,0,0,0,0.37934207058379843,0.9252565014552432,0,0,-0.9252565014552432,0.37934207058379843,0,100,19.080012171729003,60,1],"mesh":0},{"name":"","matrix":[1,0,0,0,0,0.44057579430468585,0.897715416751208,0,0,-0.897715416751208,0.44057579430468585,0,100,18.90836672555743,55,1],"mesh":0},{"name":"","matrix":[1,0,0,0,0,0.3987261144490232,0.9170700549338553,0,0,-0.9170700549338553,0.3987261144490232,0,100,19.026228976738118,50,1],"mesh":0},{"name":"","matrix":[1,0,0,0,0,0.3886981866044181,0.92136513919859,0,0,-0.92136513919859,0.3886981866044181,0,100,19.05411222844662,45,1],"mesh":0},{"name":"","matrix":[1,0,0,0,0,0.5191546847282189,0.8546802988982158,0,0,-0.8546802988982158,0.5191546847282189,0,100,18.67929697905818,40,1],"mesh":0},{"name":"","matrix":[1,0,0,0,0,0.6889418900055992,0.7248165783117221,0,0,-0.7248165783117221,0.6889418900055992,0,100,18.131894714591517,35,1],"mesh":0},{"name":"","matrix":[1,0,0,0,0,0.7652965089455991,0.6436779112224362,0,0,-0.6436779112224362,0.7652965089455991,0,100,17.84697200836964,30,1],"mesh":0},{"name":"","matrix":[1,0,0,0,0,0.7537554343687738,0.657155038905996,0,0,-0.657155038905996,0.7537554343687738,0,100,17.89232418914085,25,1],"mesh":0},{"name":"","matrix":[1,0,0,0,0,0.6710044112090998,0.7414533566839719,0,0,-0.7414533566839719,0.6710044112090998,0,100,18.194427915373566,20,1],"mesh":0},{"name":"","matrix":[1,0,0,0,0,0.42946341291855183,0.9030842579540125,0,0,-0.9030842579540125,0.42946341291855183,0,100,18.93991103858118,15,1],"mesh":0},{"name":"","matrix":[1,0,0,0,0,0.08887172731458248,0.9960430794318701,0,0,-0.9960430794318701,0.08887172731458248,0,100,19.847046916206537,10,1],"mesh":0},{"name":"","matrix":[1,0,0,0,0,-0.13521635688418043,0.990816096372566,0,0,-0.990816096372566,-0.13521635688418043,0,100,20.421170151260824,5,1],"mesh":0},{"name":"","matrix":[1,0,0,0,0,-0.2693631448329086,0.9630386784577893,0,0,-0.9630386784577893,-0.2693631448329086,0,100,20.77159253442953,0,1],"mesh":0},{"name":"","matrix":[1,0,0,0,0,-0.4227911761650014,0.9062271356326818,0,0,-0.9062271356326818,-0.4227911761650014,0,100,21.190237674098782,-5,1],"mesh":0},{"name":"","matrix":[1,0,0,0,0,-0.4536812535053554,0.8911640254284333,0,0,-0.8911640254284333,-0.4536812535053554,0,100,21.27808296653636,-10,1],"mesh":0},{"name":"","matrix":[1,0,0,0,0,-0.25424116158482013,0.9671408541448352,0,0,-0.9671408541448352,-0.25424116158482013,0,100,20.73154396452135,-15,1],"mesh":0},{"name":"","matrix":[1,0,0,0,0,-0.17144761433668232,0.985193237663688,0,0,-0.985193237663688,-0.17144761433668232,0,100,20.514889789769185,-20,1],"mesh":0},{"name":"","matrix":[1,0,0,0,0,-0.5023936755589662,0.8646389967832542,0,0,-0.8646389967832542,-0.5023936755589662,0,100,21.419870286285843,-25,1],"mesh":0},{"name":"","matrix":[1,0,0,0,0,-0.8752619702679307,0.4836491325358704,0,0,-0.4836491325358704,-0.8752619702679307,0,100,22.79910013232052,-30,1],"mesh":0},{"name":"","matrix":[1,0,0,0,0,-0.9591269644102285,0.2829760875784738,0,0,-0.2829760875784738,-0.9591269644102285,0,100,23.356104945893602,-35,1],"mesh":0},{"name":"","matrix":[1,0,0,0,0,-0.9413646881556126,0.3373907584592176,0,0,-0.3373907584592176,-0.9413646881556126,0,100,23.209780712419118,-40,1],"mesh":0},{"name":"","matrix":[1,0,0,0,0,-0.9315391678695542,0.36364100253532866,0,0,-0.36364100253532866,-0.9315391678695542,0,100,23.138137627549128,-45,1],"mesh":0},{"name":"","matrix":[1,0,0,0,0,-0.9273293625341676,0.3742462469844874,0,0,-0.3742462469844874,-0.9273293625341676,0,100,23.108973287885018,-50,1],"mesh":0},{"name":"","matrix":[1,0,0,0,0,-0.8669069034339463,0.4984700801237389,0,0,-0.4984700801237389,-0.8669069034339463,0,100,22.755613067477753,-55,1],"mesh":0},{"name":"","matrix":[1,0,0,0,0,-0.8591576781350239,0.5117109380320447,0,0,-0.5117109380320447,-0.8591576781350239,0,100,22.716399584658944,-60,1],"mesh":0},{"name":"","matrix":[1,0,0,0,0,-0.9682726718204229,0.24989604439794413,0,0,-0.24989604439794413,-0.9682726718204229,0,100,23.443832598439073,-65,1],"mesh":0},{"name":"","matrix":[1,0,0,0,0,-0.9990761047659567,0.042976003602979346,0,0,-0.042976003602979346,-0.9990761047659567,0,100,23.979521009832425,-70,1],"mesh":0},{"name":"","matrix":[1,0,0,0,0,-0.9973059630569716,0.07335404590754839,0,0,-0.07335404590754839,-0.9973059630569716,0,100,23.901741095999128,-75,1],"mesh":0},{"name":"","matrix":[1,0,0,0,0,-0.9989175020265857,0.04651692321043851,0,0,-0.04651692321043851,-0.9989175020265857,0,100,23.970461465195854,-80,1],"mesh":0},{"name":"","matrix":[1,0,0,0,0,-0.9781605622876013,-0.20785070215229962,0,0,0.20785070215229962,-0.9781605622876013,0,100,24.624560633617563,-85,1],"mesh":0},{"name":"","matrix":[1,0,0,0,0,-0.9195978828702498,-0.392860959908915,0,0,0.392860959908915,-0.9195978828702498,0,100,25.12134681261962,-90,1],"mesh":0},{"name":"","matrix":[1,0,0,0,0,-0.8445812815609004,-0.5354273609341859,0,0,0.5354273609341859,-0.8445812815609004,0,100,25.533555007468223,-95,1],"mesh":0},{"name":"","matrix":[1,0,0,0,0,-0.2543411951516992,0.9671145518752188,0,0,-0.9671145518752188,-0.2543411951516992,0,95,20.731808337330804,100,1],"mesh":0},{"name":"","matrix":[1,0,0,0,0,-0.08616789105845335,0.9962806304202338,0,0,-0.9962806304202338,-0.08616789105845335,0,95,20.29501555068741,95,1],"mesh":0},{"name":"","matrix":[1,0,0,0,0,-0.20110909870271265,0.979568849248986,0,0,-0.979568849248986,-0.20110909870271265,0,95,20.592057350560452,90,1],"mesh":0},{"name":"","matrix":[1,0,0,0,0,-0.6139082999051033,0.7893773491224749,0,0,-0.7893773491224749,-0.6139082999051033,0,95,21.763998389143225,85,1],"mesh":0},{"name":"","matrix":[1,0,0,0,0,-0.8086618347861303,0.5882737772162968,0,0,-0.5882737772162968,-0.8086618347861303,0,95,22.48189624185511,80,1],"mesh":0},{"name":"","matrix":[1,0,0,0,0,-0.6856820199629778,0.7279012072386541,0,0,-0.7279012072386541,-0.6856820199629778,0,95,22.00563423586034,75,1],"mesh":0},{"name":"","matrix":[1,0,0,0,0,-0.37928739062511685,0.925278917577176,0,0,-0.925278917577176,-0.37928739062511685,0,95,21.06883678004567,70,1],"mesh":0},{"name":"","matrix":[1,0,0,0,0,-0.15475238188911988,0.9879532885210941,0,0,-0.9879532885210941,-0.15475238188911988,0,95,20.47163764773633,65,1],"mesh":0},{"name":"","matrix":[1,0,0,0,0,0.14648386883007392,0.989213059038635,0,0,-0.989213059038635,0.14648386883007392,0,95,19.698740325362976,60,1],"mesh":0},{"name":"","matrix":[1,0,0,0,0,0.3187977646274647,0.9478227604718783,0,0,-0.9478227604718783,0.3187977646274647,0,95,19.24518964507459,55,1],"mesh":0},{"name":"","matrix":[1,0,0,0,0,0.09386297756180151,0.9955851251616974,0,0,-0.9955851251616974,0.09386297756180151,0,95,19.83423585757282,50,1],"mesh":0},{"name":"","matrix":[1,0,0,0,0,-0.3136064783524175,0.9495530405066348,0,0,-0.9495530405066348,-0.3136064783524175,0,95,20.889823972812295,45,1],"mesh":0},{"name":"","matrix":[1,0,0,0,0,-0.28694693980850716,0.9579464774894957,0,0,-0.9579464774894957,-0.28694693980850716,0,95,20.81838342645355,40,1],"mesh":0},{"name":"","matrix":[1,0,0,0,0,0.12596965767996704,0.9920340948495631,0,0,-0.9920340948495631,0.12596965767996704,0,95,19.751668327071698,35,1],"mesh":0},{"name":"","matrix":[1,0,0,0,0,0.39124832397300613,0.9202851454784619,0,0,-0.9202851454784619,0.39124832397300613,0,95,19.047033732551938,30,1],"mesh":0},{"name":"","matrix":[1,0,0,0,0,0.3753258183280259,0.9268929442478229,0,0,-0.9268929442478229,0.3753258183280259,0,95,19.091097004028086,25,1],"mesh":0},{"name":"","matrix":[1,0,0,0,0,0.29125889280253026,0.9566442689753826,0,0,-0.9566442689753826,0.29125889280253026,0,95,19.319103741228503,20,1],"mesh":0},{"name":"","matrix":[1,0,0,0,0,0.06139554446842743,0.9981135141452726,0,0,-0.9981135141452726,0.06139554446842743,0,95,19.91747640076636,15,1],"mesh":0},{"name":"","matrix":[1,0,0,0,0,-0.4647243231561915,0.8854554215018506,0,0,-0.8854554215018506,-0.4647243231561915,0,95,21.309857168965664,10,1],"mesh":0},{"name":"","matrix":[1,0,0,0,0,-0.7530892986840585,0.6579183142363141,0,0,-0.6579183142363141,-0.7530892986840585,0,95,22.254086420446985,5,1],"mesh":0},{"name":"","matrix":[1,0,0,0,0,-0.7367991956702935,0.6761116366840675,0,0,-0.6761116366840675,-0.7367991956702935,0,95,22.19166674348142,0,1],"mesh":0},{"name":"","matrix":[1,0,0,0,0,-0.6543869270102518,0.756159870502316,0,0,-0.756159870502316,-0.6543869270102518,0,95,21.897852552985427,-5,1],"mesh":0},{"name":"","matrix":[1,0,0,0,0,-0.6312218002953638,0.775602371600216,0,0,-0.775602371600216,-0.6312218002953638,0,95,21.820549781350223,-10,1],"mesh":0},{"name":"","matrix":[1,0,0,0,0,-0.5716646954023412,0.8204873405669028,0,0,-0.8204873405669028,-0.5716646954023412,0,95,21.62988973793584,-15,1],"mesh":0},{"name":"","matrix":[1,0,0,0,0,-0.5743894521371882,0.8185821628117368,0,0,-0.8185821628117368,-0.5743894521371882,0,95,21.638387700549682,-20,1],"mesh":0},{"name":"","matrix":[1,0,0,0,0,-0.7523296600473941,0.6587868263808653,0,0,-0.6587868263808653,-0.7523296600473941,0,95,22.251137226609952,-25,1],"mesh":0},{"name":"","matrix":[1,0,0,0,0,-0.9429794882767197,0.33285084450753044,0,0,-0.33285084450753044,-0.9429794882767197,0,95,23.222096761264154,-30,1],"mesh":0},{"name":"","matrix":[1,0,0,0,0,-0.9947791369873207,0.10205130383665792,0,0,-0.10205130383665792,-0.9947791369873207,0,95,23.828105581423785,-35,1],"mesh":0},{"name":"","matrix":[1,0,0,0,0,-0.9991370581716836,0.04153479250019033,0,0,-0.04153479250019033,-0.9991370581716836,0,95,23.98320798794694,-40,1],"mesh":0},{"name":"","matrix":[1,0,0,0,0,-0.9999096129916276,-0.013444919000634475,0,0,0.013444919000634475,-0.9999096129916276,0,95,24.123765774096455,-45,1],"mesh":0},{"name":"","matrix":[1,0,0,0,0,-0.9996888200901553,0.024945199673539406,0,0,-0.024945199673539406,-0.9996888200901553,0,95,24.025634335264172,-50,1],"mesh":0},{"name":"","matrix":[1,0,0,0,0,-0.9763052226115805,0.21639804135285573,0,0,-0.21639804135285573,-0.9763052226115805,0,95,23.53188383744181,-55,1],"mesh":0},{"name":"","matrix":[1,0,0,0,0,-0.982631409063524,0.18556808432980357,0,0,-0.18556808432980357,-0.982631409063524,0,95,23.612329295784363,-60,1],"mesh":0},{"name":"","matrix":[1,0,0,0,0,-0.9934892692385877,-0.11392572978821158,0,0,0.11392572978821158,-0.9934892692385877,0,95,24.38122375044904,-65,1],"mesh":0},{"name":"","matrix":[1,0,0,0,0,-0.950371067093694,-0.3111186828706909,0,0,0.3111186828706909,-0.950371067093694,0,95,24.898030322437094,-70,1],"mesh":0},{"name":"","matrix":[1,0,0,0,0,-0.977797109993074,-0.20955383959544144,0,0,0.20955383959544144,-0.977797109993074,0,95,24.629011811867926,-75,1],"mesh":0},{"name":"","matrix":[1,0,0,0,0,-0.9984494372495345,-0.05566615898450348,0,0,0.05566615898450348,-0.9984494372495345,0,95,24.231754322734545,-80,1],"mesh":0},{"name":"","matrix":[1,0,0,0,0,-0.9774849855155978,-0.21100498357046438,0,0,0.21100498357046438,-0.9774849855155978,0,95,24.632805711620037,-85,1],"mesh":0},{"name":"","matrix":[1,0,0,0,0,-0.7071878606133721,-0.7070256924617957,0,0,0.7070256924617957,-0.7071878606133721,0,95,26.09655690701409,-90,1],"mesh":0},{"name":"","matrix":[1,0,0,0,0,-0.32829764588086974,-0.9445743251375612,0,0,0.9445743251375612,-0.32829764588086974,0,95,27.249327845460087,-95,1],"mesh":0},{"name":"","matrix":[1,0,0,0,0,-0.5920275291993236,0.805917740634951,0,0,-0.805917740634951,-0.5920275291993236,0,90,21.69388851193591,100,1],"mesh":0},{"name":"","matrix":[1,0,0,0,0,-0.30961814171284074,0.9508609815963043,0,0,-0.9508609815963043,-0.30961814171284074,0,90,20.87909574972643,95,1],"mesh":0},{"name":"","matrix":[1,0,0,0,0,-0.3258178989064231,0.9454325447921729,0,0,-0.9454325447921729,-0.3258178989064231,0,90,20.922765150184233,90,1],"mesh":0},{"name":"","matrix":[1,0,0,0,0,-0.6812732539635029,0.7320292025827796,0,0,-0.7320292025827796,-0.6812732539635029,0,90,21.990197039619986,85,1],"mesh":0},{"name":"","matrix":[1,0,0,0,0,-0.8565654656527115,0.516038373622692,0,0,-0.516038373622692,-0.8565654656527115,0,90,22.703506188307912,80,1],"mesh":0},{"name":"","matrix":[1,0,0,0,0,-0.7804385087562717,0.6252325439788676,0,0,-0.6252325439788676,-0.7804385087562717,0,90,22.363026118511215,75,1],"mesh":0},{"name":"","matrix":[1,0,0,0,0,-0.6015466080491143,0.7988377046338044,0,0,-0.7988377046338044,-0.6015466080491143,0,90,21.724211069131243,70,1],"mesh":0},{"name":"","matrix":[1,0,0,0,0,-0.5004314331285085,0.8657761724238817,0,0,-0.8657761724238817,-0.5004314331285085,0,90,21.414073503673407,65,1],"mesh":0},{"name":"","matrix":[1,0,0,0,0,-0.27058798921664917,0.9626952477766213,0,0,-0.9626952477766213,-0.27058798921664917,0,90,20.774843927129737,60,1],"mesh":0},{"name":"","matrix":[1,0,0,0,0,-0.09522314479541993,0.9954559521622595,0,0,-0.9954559521622595,-0.09522314479541993,0,90,20.318256324448697,55,1],"mesh":0},{"name":"","matrix":[1,0,0,0,0,-0.3482490219103931,0.9374020582111255,0,0,-0.9374020582111255,-0.3482490219103931,0,90,20.983663167254434,50,1],"mesh":0},{"name":"","matrix":[1,0,0,0,0,-0.7717058754765631,0.6359795922472289,0,0,-0.6359795922472289,-0.7717058754765631,0,90,22.32763168281127,45,1],"mesh":0},{"name":"","matrix":[1,0,0,0,0,-0.826047524471881,0.5636004678084264,0,0,-0.5636004678084264,-0.826047524471881,0,90,22.559046739442607,40,1],"mesh":0},{"name":"","matrix":[1,0,0,0,0,-0.5865502438292856,0.8099128418933765,0,0,-0.8099128418933765,-0.5865502438292856,0,90,21.67656034062898,35,1],"mesh":0},{"name":"","matrix":[1,0,0,0,0,-0.365123221388054,0.9309592006115038,0,0,-0.9309592006115038,-0.365123221388054,0,90,21.02983056210971,30,1],"mesh":0},{"name":"","matrix":[1,0,0,0,0,-0.35911580925343367,0.933293006265584,0,0,-0.933293006265584,-0.35911580925343367,0,90,21.01335781202276,25,1],"mesh":0},{"name":"","matrix":[1,0,0,0,0,-0.36680878985618026,0.9302963569122715,0,0,-0.9302963569122715,-0.36680878985618026,0,90,21.0344599665452,20,1],"mesh":0},{"name":"","matrix":[1,0,0,0,0,-0.4673226294608437,0.8840868509336642,0,0,-0.8840868509336642,-0.4673226294608437,0,90,21.317363262024415,15,1],"mesh":0},{"name":"","matrix":[1,0,0,0,0,-0.8119891592646671,0.5836725154028233,0,0,-0.5836725154028233,-0.8119891592646671,0,90,22.496409707524066,10,1],"mesh":0},{"name":"","matrix":[1,0,0,0,0,-0.9561459975835023,0.2928904766376832,0,0,-0.2928904766376832,-0.9561459975835023,0,90,23.329643336652495,5,1],"mesh":0},{"name":"","matrix":[1,0,0,0,0,-0.9310968360067264,0.3647720959424709,0,0,-0.3647720959424709,-0.9310968360067264,0,90,23.135033387658012,0,1],"mesh":0},{"name":"","matrix":[1,0,0,0,0,-0.8475649501779579,0.5306916762394491,0,0,-0.5306916762394491,-0.8475649501779579,0,90,22.65955133461479,-5,1],"mesh":0},{"name":"","matrix":[1,0,0,0,0,-0.8080286438813566,0.5891432004761289,0,0,-0.5891432004761289,-0.8080286438813566,0,90,22.479147150427252,-10,1],"mesh":0},{"name":"","matrix":[1,0,0,0,0,-0.7630993530911949,0.6462811905910614,0,0,-0.6462811905910614,-0.7630993530911949,0,90,22.293320975387033,-15,1],"mesh":0},{"name":"","matrix":[1,0,0,0,0,-0.7585403043175367,0.6516261249565267,0,0,-0.6516261249565267,-0.7585403043175367,0,90,22.27536480890913,-20,1],"mesh":0},{"name":"","matrix":[1,0,0,0,0,-0.8687539430397231,0.49524396659922454,0,0,-0.49524396659922454,-0.8687539430397231,0,90,22.76511471969887,-25,1],"mesh":0},{"name":"","matrix":[1,0,0,0,0,-0.9858235101234336,0.16778559797525072,0,0,-0.16778559797525072,-0.9858235101234336,0,90,23.658507819908035,-30,1],"mesh":0},{"name":"","matrix":[1,0,0,0,0,-0.9932494200088333,-0.1159982312456386,0,0,0.1159982312456386,-0.9932494200088333,0,90,24.386556347758344,-35,1],"mesh":0},{"name":"","matrix":[1,0,0,0,0,-0.9617408500430704,-0.2739608317961382,0,0,0.2739608317961382,-0.9617408500430704,0,90,24.798703287054238,-40,1],"mesh":0},{"name":"","matrix":[1,0,0,0,0,-0.9226268387120948,-0.38569381183540646,0,0,0.38569381183540646,-0.9226268387120948,0,90,25.10145902693335,-45,1],"mesh":0},{"name":"","matrix":[1,0,0,0,0,-0.9321953293168141,-0.36195561606351256,0,0,0.36195561606351256,-0.9321953293168141,0,90,25.03603962473585,-50,1],"mesh":0},{"name":"","matrix":[1,0,0,0,0,-0.9775187120083799,-0.21084868430577805,0,0,0.21084868430577805,-0.9775187120083799,0,90,24.632397021440468,-55,1],"mesh":0},{"name":"","matrix":[1,0,0,0,0,-0.949419811779421,-0.3140095874344113,0,0,0.3140095874344113,-0.949419811779421,0,90,24.90580912005578,-60,1],"mesh":0},{"name":"","matrix":[1,0,0,0,0,-0.7905196904338936,-0.6124366245059982,0,0,0.6124366245059982,-0.7905196904338936,0,90,25.774136624011348,-65,1],"mesh":0},{"name":"","matrix":[1,0,0,0,0,-0.6464652188571076,-0.7629434584607383,0,0,0.7629434584607383,-0.6464652188571076,0,90,26.307604518561035,-70,1],"mesh":0},{"name":"","matrix":[1,0,0,0,0,-0.7465608933698253,-0.6653170916870004,0,0,0.6653170916870004,-0.7465608933698253,0,90,25.949933942047537,-75,1],"mesh":0},{"name":"","matrix":[1,0,0,0,0,-0.8981957963610703,-0.4395956225888775,0,0,0.4395956225888775,-0.8981957963610703,0,90,25.25274328787519,-80,1],"mesh":0},{"name":"","matrix":[1,0,0,0,0,-0.9054576103646645,-0.4244367041535298,0,0,0.4244367041535298,-0.9054576103646645,0,90,25.20978076704732,-85,1],"mesh":0},{"name":"","matrix":[1,0,0,0,0,-0.6071440822937293,-0.794591758915045,0,0,0.794591758915045,-0.6071440822937293,0,90,26.436631577636376,-90,1],"mesh":0},{"name":"","matrix":[1,0,0,0,0,-0.23347000687344077,-0.9723640038023392,0,0,0.9723640038023392,-0.23347000687344077,0,90,27.502000223340616,-95,1],"mesh":0},{"name":"","matrix":[1,0,0,0,0,-0.761886746442271,0.647710263617623,0,0,-0.647710263617623,-0.761886746442271,0,85,22.288530559033816,100,1],"mesh":0},{"name":"","matrix":[1,0,0,0,0,-0.5750843105027608,0.8180941485022148,0,0,-0.8180941485022148,-0.5750843105027608,0,85,21.640557993296824,95,1],"mesh":0},{"name":"","matrix":[1,0,0,0,0,-0.5227596983267027,0.8524800864567893,0,0,-0.8524800864567893,-0.5227596983267027,0,85,21.48049787533307,90,1],"mesh":0},{"name":"","matrix":[1,0,0,0,0,-0.6403458322002065,0.768086723738814,0,0,-0.768086723738814,-0.6403458322002065,0,85,21.850763678955545,85,1],"mesh":0},{"name":"","matrix":[1,0,0,0,0,-0.7219202592795291,0.6919762562702405,0,0,-0.6919762562702405,-0.7219202592795291,0,85,22.136073038667746,80,1],"mesh":0},{"name":"","matrix":[1,0,0,0,0,-0.7570426564830675,0.6533654538350341,0,0,-0.6533654538350341,-0.7570426564830675,0,85,22.26949820652537,75,1],"mesh":0},{"name":"","matrix":[1,0,0,0,0,-0.8246809424695494,0.5655982170476986,0,0,-0.5655982170476986,-0.8246809424695494,0,85,22.55286016885576,70,1],"mesh":0},{"name":"","matrix":[1,0,0,0,0,-0.8459783979198097,0.5332171698783081,0,0,-0.5332171698783081,-0.8459783979198097,0,85,22.651928184166255,65,1],"mesh":0},{"name":"","matrix":[1,0,0,0,0,-0.7503691725659294,0.6610189897897962,0,0,-0.6610189897897962,-0.7503691725659294,0,85,22.243543786578627,60,1],"mesh":0},{"name":"","matrix":[1,0,0,0,0,-0.6476456792500553,0.7619416474696304,0,0,-0.7619416474696304,-0.6476456792500553,0,85,21.875152782232433,55,1],"mesh":0},{"name":"","matrix":[1,0,0,0,0,-0.7206586868792904,0.6932900237457746,0,0,-0.6932900237457746,-0.7206586868792904,0,85,22.131417567431726,50,1],"mesh":0},{"name":"","matrix":[1,0,0,0,0,-0.8780322567214078,0.4786014585818888,0,0,-0.4786014585818888,-0.8780322567214078,0,85,22.813817161238617,45,1],"mesh":0},{"name":"","matrix":[1,0,0,0,0,-0.9403893606050258,0.34009976545253673,0,0,-0.34009976545253673,-0.9403893606050258,0,85,23.202421491873423,40,1],"mesh":0},{"name":"","matrix":[1,0,0,0,0,-0.9306974307853857,0.3657899565727339,0,0,-0.3657899565727339,-0.9306974307853857,0,85,23.132238647495583,35,1],"mesh":0},{"name":"","matrix":[1,0,0,0,0,-0.9101816080362577,0.4142094161080017,0,0,-0.4142094161080017,-0.9101816080362577,0,85,22.997813842292075,30,1],"mesh":0},{"name":"","matrix":[1,0,0,0,0,-0.9104168052942538,0.4136922051934322,0,0,-0.4136922051934322,-0.9104168052942538,0,85,22.999266082179034,25,1],"mesh":0},{"name":"","matrix":[1,0,0,0,0,-0.9055988043417298,0.42413536232531834,0,0,-0.42413536232531834,-0.9055988043417298,0,85,22.96986980731296,20,1],"mesh":0},{"name":"","matrix":[1,0,0,0,0,-0.899730833661958,0.4364452164452696,0,0,-0.4364452164452696,-0.899730833661958,0,85,22.935014050643478,15,1],"mesh":0},{"name":"","matrix":[1,0,0,0,0,-0.960562571794173,0.27806392370849536,0,0,-0.27806392370849536,-0.960562571794173,0,85,23.36918548827444,10,1],"mesh":0},{"name":"","matrix":[1,0,0,0,0,-0.9885622565190662,0.15081334485360387,0,0,-0.15081334485360387,-0.9885622565190662,0,85,23.702450004372693,5,1],"mesh":0},{"name":"","matrix":[1,0,0,0,0,-0.9813732083186604,0.19211097312319064,0,0,-0.19211097312319064,-0.9813732083186604,0,85,23.59529946710154,0,1],"mesh":0},{"name":"","matrix":[1,0,0,0,0,-0.9586679853856539,0.2845271407029764,0,0,-0.2845271407029764,-0.9586679853856539,0,85,23.35197057667189,-5,1],"mesh":0},{"name":"","matrix":[1,0,0,0,0,-0.9332363712227187,0.3592629613904719,0,0,-0.3592629613904719,-0.9332363712227187,0,85,23.15013917726108,-10,1],"mesh":0},{"name":"","matrix":[1,0,0,0,0,-0.9002409203399533,0.43539210528611316,0,0,-0.43539210528611316,-0.9002409203399533,0,85,22.93800489164998,-15,1],"mesh":0},{"name":"","matrix":[1,0,0,0,0,-0.8882277642767689,0.45940335084530265,0,0,-0.45940335084530265,-0.8882277642767689,0,85,22.869378350741826,-20,1],"mesh":0},{"name":"","matrix":[1,0,0,0,0,-0.9257741095320415,0.37807710605133893,0,0,-0.37807710605133893,-0.9257741095320415,0,85,23.098405581508032,-25,1],"mesh":0},{"name":"","matrix":[1,0,0,0,0,-0.9851432165817977,0.1717348037611163,0,0,-0.1717348037611163,-0.9851432165817977,0,85,23.64826511308641,-30,1],"mesh":0},{"name":"","matrix":[1,0,0,0,0,-0.9892666743562211,-0.14612134343819183,0,0,0.14612134343819183,-0.9892666743562211,0,85,24.464222993722657,-35,1],"mesh":0},{"name":"","matrix":[1,0,0,0,0,-0.8314114743031586,-0.5556572328306797,0,0,0.5556572328306797,-0.8314114743031586,0,85,25.59525494960863,-40,1],"mesh":0},{"name":"","matrix":[1,0,0,0,0,-0.6243172505713199,-0.7811708972043617,0,0,0.7811708972043617,-0.6243172505713199,0,85,26.380922331757688,-45,1],"mesh":0},{"name":"","matrix":[1,0,0,0,0,-0.66602733480574,-0.7459273351282703,0,0,0.7459273351282703,-0.66602733480574,0,85,26.24133340061512,-50,1],"mesh":0},{"name":"","matrix":[1,0,0,0,0,-0.7957133086042922,-0.605673452043269,0,0,0.605673452043269,-0.7957133086042922,0,85,25.752341180971214,-55,1],"mesh":0},{"name":"","matrix":[1,0,0,0,0,-0.7094635376842389,-0.7047421434088956,0,0,0.7047421434088956,-0.7094635376842389,0,85,26.0883168194714,-60,1],"mesh":0},{"name":"","matrix":[1,0,0,0,0,-0.5349985556367165,-0.8448529726920695,0,0,0.8448529726920695,-0.5349985556367165,0,85,26.661442481543304,-65,1],"mesh":0},{"name":"","matrix":[1,0,0,0,0,-0.4379931846554639,-0.8989782923938514,0,0,0.8989782923938514,-0.4379931846554639,0,85,26.94551472770108,-70,1],"mesh":0},{"name":"","matrix":[1,0,0,0,0,-0.4493951662394773,-0.8933330759356181,0,0,0.8933330759356181,-0.4493951662394773,0,85,26.912995077268207,-75,1],"mesh":0},{"name":"","matrix":[1,0,0,0,0,-0.5176306279038938,-0.8556041918175837,0,0,0.8556041918175837,-0.5176306279038938,0,85,26.71365228488071,-80,1],"mesh":0},{"name":"","matrix":[1,0,0,0,0,-0.6347014661743109,-0.7727574320808438,0,0,0.7727574320808438,-0.6347014661743109,0,85,26.346762077141207,-85,1],"mesh":0},{"name":"","matrix":[1,0,0,0,0,-0.5774627324689725,-0.8164170457612139,0,0,0.8164170457612139,-0.5774627324689725,0,85,26.530803503528304,-90,1],"mesh":0},{"name":"","matrix":[1,0,0,0,0,-0.44568462802284925,-0.8951900425854471,0,0,0.8951900425854471,-0.44568462802284925,0,85,26.92360046568517,-95,1],"mesh":0},{"name":"","matrix":[1,0,0,0,0,-0.9076184513960639,0.41979607750122033,0,0,-0.41979607750122033,-0.9076184513960639,0,80,22.982103352664254,100,1],"mesh":0},{"name":"","matrix":[1,0,0,0,0,-0.8111567980396874,0.584828734754032,0,0,-0.584828734754032,-0.8111567980396874,0,80,22.49276831549541,95,1],"mesh":0},{"name":"","matrix":[1,0,0,0,0,-0.7540460804075668,0.6568215196093876,0,0,-0.6568215196093876,-0.7540460804075668,0,80,22.257806547941808,90,1],"mesh":0},{"name":"","matrix":[1,0,0,0,0,-0.7390187402849084,0.6736848681005885,0,0,-0.6736848681005885,-0.7390187402849084,0,80,22.200072562588556,85,1],"mesh":0},{"name":"","matrix":[1,0,0,0,0,-0.7434634832169302,0.668776531528245,0,0,-0.668776531528245,-0.7434634832169302,0,80,22.216997540295353,80,1],"mesh":0},{"name":"","matrix":[1,0,0,0,0,-0.8515913603122793,0.5242062142339418,0,0,-0.5242062142339418,-0.8515913603122793,0,80,22.679062819820643,75,1],"mesh":0},{"name":"","matrix":[1,0,0,0,0,-0.9798093509075665,0.19993407882122913,0,0,-0.19993407882122913,-0.9798093509075665,0,80,23.574908223004556,70,1],"mesh":0},{"name":"","matrix":[1,0,0,0,0,-0.9975546090745955,0.06989135793523665,0,0,-0.06989135793523665,-0.9975546090745955,0,80,23.910614397263856,65,1],"mesh":0},{"name":"","matrix":[1,0,0,0,0,-0.9837088580833406,0.17976896987069207,0,0,-0.17976896987069207,-0.9837088580833406,0,80,23.627405312140937,60,1],"mesh":0},{"name":"","matrix":[1,0,0,0,0,-0.9550609533675021,0.2964094724410101,0,0,-0.2964094724410101,-0.9550609533675021,0,80,23.3202310446254,55,1],"mesh":0},{"name":"","matrix":[1,0,0,0,0,-0.9512497145862737,0.30842175750023293,0,0,-0.30842175750023293,-0.9512497145862737,0,80,23.288019536793698,50,1],"mesh":0},{"name":"","matrix":[1,0,0,0,0,-0.9696484629168951,0.24450328906356794,0,0,-0.24450328906356794,-0.9696484629168951,0,80,23.458057797364205,45,1],"mesh":0},{"name":"","matrix":[1,0,0,0,0,-0.9970278097970056,0.0770424979565581,0,0,-0.0770424979565581,-0.9970278097970056,0,80,23.892286768240155,40,1],"mesh":0},{"name":"","matrix":[1,0,0,0,0,-0.9952034946064203,-0.09782639890729244,0,0,0.09782639890729244,-0.9952034946064203,0,80,24.339841367332852,35,1],"mesh":0},{"name":"","matrix":[1,0,0,0,0,-0.9842425168520017,-0.17682383329414833,0,0,0.17682383329414833,-0.9842425168520017,0,80,24.543744438291597,30,1],"mesh":0},{"name":"","matrix":[1,0,0,0,0,-0.9820029176286778,-0.18886574535570103,0,0,0.18886574535570103,-0.9820029176286778,0,80,24.575051127782487,25,1],"mesh":0},{"name":"","matrix":[1,0,0,0,0,-0.9831622195280754,-0.1827349175517048,0,0,0.1827349175517048,-0.9831622195280754,0,80,24.559103227565956,20,1],"mesh":0},{"name":"","matrix":[1,0,0,0,0,-0.9944378932670062,-0.10532462406616226,0,0,0.10532462406616226,-0.9944378932670062,0,80,24.35910625434724,15,1],"mesh":0},{"name":"","matrix":[1,0,0,0,0,-0.9963046651538414,-0.08588954646924103,0,0,0.08588954646924103,-0.9963046651538414,0,80,24.309201464371384,10,1],"mesh":0},{"name":"","matrix":[1,0,0,0,0,-0.9968216895291473,-0.07966504430586832,0,0,0.07966504430586832,-0.9968216895291473,0,80,24.29323704124772,5,1],"mesh":0},{"name":"","matrix":[1,0,0,0,0,-0.9986025456141041,-0.052848423751620154,0,0,0.052848423751620154,-0.9986025456141041,0,80,24.224541664136126,0,1],"mesh":0},{"name":"","matrix":[1,0,0,0,0,-0.999934358532601,-0.011457688510164552,0,0,0.011457688510164552,-0.999934358532601,0,80,24.1186860884482,-5,1],"mesh":0},{"name":"","matrix":[1,0,0,0,0,-0.9963779575745719,0.08503508487397526,0,0,-0.08503508487397526,-0.9963779575745719,0,80,23.87179052901162,-10,1],"mesh":0},{"name":"","matrix":[1,0,0,0,0,-0.9823878290589123,0.18685329356721816,0,0,-0.18685329356721816,-0.9823878290589123,0,80,23.608985868970265,-15,1],"mesh":0},{"name":"","matrix":[1,0,0,0,0,-0.9708783233578238,0.2395731229372376,0,0,-0.2395731229372376,-0.9708783233578238,0,80,23.471045305373778,-20,1],"mesh":0},{"name":"","matrix":[1,0,0,0,0,-0.9705871814738543,0.24074991829414863,0,0,-0.24074991829414863,-0.9705871814738543,0,80,23.467946772802506,-25,1],"mesh":0},{"name":"","matrix":[1,0,0,0,0,-0.988480283505174,0.15134969151448868,0,0,-0.15134969151448868,-0.988480283505174,0,80,23.701063202537412,-30,1],"mesh":0},{"name":"","matrix":[1,0,0,0,0,-0.9875241258777165,-0.15746777705121823,0,0,0.15746777705121823,-0.9875241258777165,0,80,24.493564252874506,-35,1],"mesh":0},{"name":"","matrix":[1,0,0,0,0,-0.7191003206326168,-0.694906273439856,0,0,0.694906273439856,-0.7191003206326168,0,80,26.05312099776774,-40,1],"mesh":0},{"name":"","matrix":[1,0,0,0,0,-0.3756297403545672,-0.926769819405639,0,0,0.926769819405639,-0.3756297403545672,0,80,27.12005886454881,-45,1],"mesh":0},{"name":"","matrix":[1,0,0,0,0,-0.46380237409934866,-0.8859386873705246,0,0,0.8859386873705246,-0.46380237409934866,0,80,26.871603412372068,-50,1],"mesh":0},{"name":"","matrix":[1,0,0,0,0,-0.664045714493561,-0.7476919747213661,0,0,0.7476919747213661,-0.664045714493561,0,80,26.248115515186456,-55,1],"mesh":0},{"name":"","matrix":[1,0,0,0,0,-0.5703790434058411,-0.8213816085373703,0,0,0.8213816085373703,-0.5703790434058411,0,80,26.552913115617926,-60,1],"mesh":0},{"name":"","matrix":[1,0,0,0,0,-0.4679913152540367,-0.8837330642489263,0,0,0.8837330642489263,-0.4679913152540367,0,80,26.85950312788023,-65,1],"mesh":0},{"name":"","matrix":[1,0,0,0,0,-0.43861913209243664,-0.8986730534307111,0,0,0.8986730534307111,-0.43861913209243664,0,80,26.943734739043013,-70,1],"mesh":0},{"name":"","matrix":[1,0,0,0,0,-0.3572998152017186,-0.9339897440854571,0,0,0.9339897440854571,-0.3572998152017186,0,80,27.170413706373225,-75,1],"mesh":0},{"name":"","matrix":[1,0,0,0,0,-0.2692680761777151,-0.9630652642222914,0,0,0.9630652642222914,-0.2692680761777151,0,80,27.407459780228535,-80,1],"mesh":0},{"name":"","matrix":[1,0,0,0,0,-0.44792088362597027,-0.8940731972337219,0,0,0.8940731972337219,-0.44792088362597027,0,80,26.91721148128947,-85,1],"mesh":0},{"name":"","matrix":[1,0,0,0,0,-0.6030202200764705,-0.7977259016597901,0,0,0.7977259016597901,-0.6030202200764705,0,80,26.44987067313761,-90,1],"mesh":0},{"name":"","matrix":[1,0,0,0,0,-0.6182912752738263,-0.7859490434629116,0,0,0.7859490434629116,-0.6182912752738263,0,80,26.400578905549423,-95,1],"mesh":0},{"name":"","matrix":[1,0,0,0,0,-0.9992027392450187,0.03992350041329911,0,0,-0.03992350041329911,-0.9992027392450187,0,75,23.98732981432209,100,1],"mesh":0},{"name":"","matrix":[1,0,0,0,0,-0.9823755928984208,0.1869176141445102,0,0,-0.1869176141445102,-0.9823755928984208,0,75,23.608818519431182,95,1],"mesh":0},{"name":"","matrix":[1,0,0,0,0,-0.9726432168470804,0.2323040523136942,0,0,-0.2323040523136942,-0.9726432168470804,0,75,23.49016462159679,90,1],"mesh":0},{"name":"","matrix":[1,0,0,0,0,-0.9746959863079956,0.22353463775237067,0,0,-0.22353463775237067,-0.9746959863079956,0,75,23.51318491792503,85,1],"mesh":0},{"name":"","matrix":[1,0,0,0,0,-0.9800238793856597,0.1988798527601066,0,0,-0.1988798527601066,-0.9800238793856597,0,75,23.577658012447756,80,1],"mesh":0},{"name":"","matrix":[1,0,0,0,0,-0.9987184413803367,0.050611015074098306,0,0,-0.050611015074098306,-0.9987184413803367,0,75,23.95998474168273,75,1],"mesh":0},{"name":"","matrix":[1,0,0,0,0,-0.9759587497598472,-0.2179553136934162,0,0,0.2179553136934162,-0.9759587497598472,0,75,24.65099382047778,70,1],"mesh":0},{"name":"","matrix":[1,0,0,0,0,-0.9501881850638363,-0.31167677642887187,0,0,0.31167677642887187,-0.9501881850638363,0,75,24.899531425235992,65,1],"mesh":0},{"name":"","matrix":[1,0,0,0,0,-0.9787959928292078,-0.20483750736006748,0,0,0.20483750736006748,-0.9787959928292078,0,75,24.61668962238913,60,1],"mesh":0},{"name":"","matrix":[1,0,0,0,0,-0.9953711077600682,-0.09610597190858997,0,0,0.09610597190858997,-0.9953711077600682,0,75,24.335423196198875,55,1],"mesh":0},{"name":"","matrix":[1,0,0,0,0,-0.9928054678041232,-0.11973847793518966,0,0,0.11973847793518966,-0.9928054678041232,0,75,24.396183400217595,50,1],"mesh":0},{"name":"","matrix":[1,0,0,0,0,-0.9702210056384684,-0.24222138678877894,0,0,0.24222138678877894,-0.9702210056384684,0,75,24.714728953680098,45,1],"mesh":0},{"name":"","matrix":[1,0,0,0,0,-0.9082640659995913,-0.4